1 0 0 0 0 0 0 0 0 0 10 0 0 0 0 11 0 0 0 2 11 0 0 0 2 12 0 0 0 3 3 0 0 0 3 4 0 0 0 3 15 0 0 0 3 16 0 0 0 4 7 0 0 0 4 8 0 0 0 4 18 0 0 0 4 19 0 0 0 5 0 
2 0 0 0 5 1 0 0 0 5 11 0 0 0 5 12 0 0 0 7 12 0 0 0 7 13 0 0 1 0 4 0 0 1 0 5 0 0 1 0 16 0 0 1 0 17 0 0 1 1 8 0 0 1 1 9 0 0 1 1 19 0 0 1 2 0 0 0 1 2 1 
3 0 0 1 2 2 0 0 1 2 12 0 0 1 2 13 0 0 1 4 13 0 0 1 4 14 0 0 1 5 5 0 0 1 5 6 0 0 1 5 17 0 0 1 5 18 0 0 1 6 9 0 0 1 6 10 0 0 1 7 0 0 0 1 7 1 0 0 1 7 2 
4 0 0 1 7 3 0 0 1 7 13 0 0 1 7 14 0 0 2 1 14 0 0 2 1 15 0 0 2 2 6 0 0 2 2 7 0 0 2 2 18 0 0 2 2 19 0 0 2 3 10 0 0 2 3 11 0 0 2 4 1 0 0 2 4 2 0 0 2 4 3 
5 0 0 2 4 4 0 0 2 4 14 0 0 2 4 15 0 0 2 6 15 0 0 2 6 16 0 0 2 7 7 0 0 2 7 8 0 0 2 7 19 0 0 3 0 0 0 0 3 0 11 0 0 3 0 12 0 0 3 1 2 0 0 3 1 3 0 0 3 1 4 
6 0 0 3 1 5 0 0 3 1 15 0 0 3 1 16 0 0 3 3 16 0 0 3 3 17 0 0 3 4 8 0 0 3 4 9 0 0 3 5 0 0 0 3 5 1 0 0 3 5 12 0 0 3 5 13 0 0 3 6 3 0 0 3 6 4 0 0 3 6 5 
7 0 0 3 6 6 0 0 3 6 16 0 0 3 6 17 0 1 0 0 17 0 1 0 0 18 0 1 0 1 9 0 1 0 1 10 0 1 0 2 1 0 1 0 2 2 0 1 0 2 13 0 1 0 2 14 0 1 0 3 4 0 1 0 3 5 0 1 0 3 6 
8 0 1 0 3 7 0 1 0 3 17 0 1 0 3 18 0 1 0 5 18 0 1 0 5 19 0 1 0 6 10 0 1 0 6 11 0 1 0 7 2 0 1 0 7 3 0 1 0 7 14 0 1 0 7 15 0 1 1 0 5 0 1 1 0 6 0 1 1 0 7 
9 0 1 1 0 8 0 1 1 0 18 0 1 1 0 19 0 1 1 2 19 0 1 1 3 0 0 1 1 3 11 0 1 1 3 12 0 1 1 4 3 0 1 1 4 4 0 1 1 4 15 0 1 1 4 16 0 1 1 5 6 0 1 1 5 7 0 1 1 5 8 
10 0 1 1 5 9 0 1 1 5 19 0 1 1 6 0 0 1 2 0 0 0 1 2 0 1 0 1 2 0 12 0 1 2 0 13 0 1 2 1 4 0 1 2 1 5 0 1 2 1 16 0 1 2 1 17 0 1 2 2 7 0 1 2 2 8 0 1 2 2 9 
